ans =    9.3461e+16
Mnimo autovalor:
ans =    9.0924e-13
Solucion A2 LU Crout:
x2 =

  -0.99999
   1.00001
  -1.00001
   1.00000
  -1.00001
   0.99999
  -1.00001
   1.00002
  -1.00000
   1.00000
  -0.99999
   1.00000
  -1.00000
   1.00000
  -1.00000
   1.00001
  -1.00003
   1.00000
  -1.00000
   1.00000
  -1.00001
   1.00000
  -1.00001
   1.00000
  -1.00000
   1.00000
  -0.99999
   1.00001
  -1.00000
   1.00001
  -1.00000
   0.99999
  -1.00000
   0.99999
  -0.99999
   0.99999
  -1.00000
   1.00000
  -0.99999
   1.00000
  -1.00000
   1.00000
  -0.99998
   1.00001
  -0.99999
   0.99999
  -1.00002
   1.00001
  -1.00001
   1.00001
  -1.00001
   1.00001
  -1.00001
   1.00000
  -1.00000
   0.99999
  -1.00000
   0.99999
  -1.00000
   1.00002
  -0.99998
   0.99998
  -0.99998
   0.99999
  -1.00001
   1.00000
  -1.00000
   1.00001
  -0.99999
   1.00000
  -1.00001
   1.00002
  -0.99998
   0.99999
  -0.99999
   1.00000
  -1.00001
   1.00000
  -0.99999
   0.99999
  -1.00000
   0.99999
  -0.99999
   1.00001
  -1.00000
   0.99998
  -1.00000
   1.00000
  -1.00002
   1.00000
  -1.00000
   0.99999
  -1.00000
   0.99999
  -0.99999
   0.99999
  -0.99998
   1.00001
  -0.99999
   1.00002
  -1.00001
   1.00000
  -1.00000
   1.00000
  -0.99999
   1.00000
  -0.99999
   0.99998
  -1.00000
   1.00000
  -1.00000
   1.00000
  -1.00000
   1.00000
  -1.00000
   1.00001
  -0.99999
   1.00000
  -0.99999
   0.99999
  -0.99999
   1.00001
  -1.00000
   1.00000
  -1.00000
   1.00001
  -0.99998
   1.00000
  -1.00000
   1.00001
  -1.00001
   1.00002
  -0.99999
   1.00002
  -0.99999
   1.00002
  -1.00000
   0.99999
  -1.00000
   1.00000
  -1.00001
   0.99999
  -1.00000
   1.00001
  -1.00001
   1.00000
  -1.00001
   0.99999
  -1.00000
   0.99999
  -1.00001
   0.99999
  -0.99999
   1.00000
  -1.00000
   1.00000
  -1.00000
   1.00002
  -1.00000
   1.00000
  -1.00003
   1.00000
  -1.00001
   0.99999
  -1.00000
   1.00002
  -0.99999
   0.99999
  -0.99999
   0.99999
  -1.00001
   1.00001
  -1.00002
   1.00001
  -0.99999
   1.00001
  -0.99998
   1.00000
  -1.00002
   1.00001
  -1.00000
   1.00000
  -1.00000
   0.99999
  -1.00001
   0.99999
  -1.00001
   1.00001
  -1.00001
   1.00000
  -0.99998
   1.00000
  -1.00002
   0.99999
  -1.00000
   1.00000
  -1.00001
   1.00001
  -0.99998
   0.99998
  -1.00002
   1.00000
  -1.00000
   1.00001
  -1.00000
   1.00001
  -0.99999
   1.00001
  -0.99999
   1.00000
  -1.00001
   0.99999
  -0.99999
   1.00001
  -1.00001
   1.00000
  -0.99998
   1.00000
  -0.99999
   1.00001
  -1.00000
   1.00000
  -0.99999
   0.99999
  -0.99999
   1.00000
  -1.00001
   1.00000
  -1.00000
   1.00000
  -1.00000
   0.99999
  -0.99998
   0.99999
  -0.99998
   0.99999
  -1.00001
   1.00001
  -0.99999
   1.00001
  -1.00003
   1.00000
  -0.99999
   1.00002
  -1.00000
   1.00000
  -1.00000
   0.99999
  -1.00000
   1.00000

tiempo:
Elapsed time is 132.405 seconds.
Error relativo:
ans =    2.9092e-05
Solucion A2 Cholesky:

