# Created by Octave 4.0.3, Thu Jan 03 02:13:36 2019 -04 <neil@debianeil>
# name: x1
# type: matrix
# rows: 1
# columns: 40
 59 60 67 74 84 91 100 107 116 124 137 149 160 171 183 191 197 204 214 222 228 241 258 277 292 306 322 335 347 354 362 367 370 375 381 388 393 399 403 405


# name: x10
# type: matrix
# rows: 1
# columns: 15
 368 369 371 372 374 379 384 387 394 399 403 406 409 413 420


# name: x2
# type: matrix
# rows: 1
# columns: 5
 59 63 74 77 78


# name: x3
# type: matrix
# rows: 1
# columns: 5
 60 61 64 71 75


# name: x4
# type: matrix
# rows: 1
# columns: 8
 61 63 66 69 71 75 79 82


# name: x5
# type: matrix
# rows: 1
# columns: 18
 22 23 28 29 32 37 42 47 48 50 55 59 64 65 69 75 78 81


# name: x6
# type: matrix
# rows: 1
# columns: 17
 21 22 23 29 34 39 43 46 48 51 54 58 63 67 73 77 81


# name: x7
# type: matrix
# rows: 1
# columns: 5
 74 75 76 78 80


# name: x8
# type: matrix
# rows: 1
# columns: 44
 75 80 85 95 105 116 128 136 146 153 165 178 187 195 209 223 226 232 239 245 251 257 265 282 293 302 314 320 322 333 342 345 347 352 354 356 363 365 366 367 369 373 374 375


# name: x9
# type: matrix
# rows: 1
# columns: 4
 369 371 373 374


# name: y1
# type: matrix
# rows: 1
# columns: 40
 63 47 41 37 37 36 37 36 41 44 46 46 51 53 54 60 60 59 65 70 71 69 73 77 80 81 84 87 92 87 83 86 97 91 75 59 48 35 21 0


# name: y10
# type: matrix
# rows: 1
# columns: 15
 269 258 247 229 213 199 183 160 141 131 121 108 92 78 67


# name: y2
# type: matrix
# rows: 1
# columns: 5
 60 72 90 112 117


# name: y3
# type: matrix
# rows: 1
# columns: 5
 139 129 124 118 118


# name: y4
# type: matrix
# rows: 1
# columns: 8
 138 140 141 140 136 133 134 136


# name: y5
# type: matrix
# rows: 1
# columns: 18
 252 232 222 205 198 195 191 184 178 173 158 151 151 163 166 163 153 142


# name: y6
# type: matrix
# rows: 1
# columns: 17
 254 263 268 279 285 292 297 304 318 326 333 342 347 355 360 366 375


# name: y7
# type: matrix
# rows: 1
# columns: 5
 393 388 386 384 380


# name: y8
# type: matrix
# rows: 1
# columns: 44
 395 400 404 407 406 407 412 419 427 433 444 451 458 464 473 477 477 469 463 457 452 450 453 450 442 432 420 403 396 381 369 365 351 345 341 334 324 319 310 299 294 288 282 274


# name: y9
# type: matrix
# rows: 1
# columns: 4
 269 271 272 273


